1000000 40
37898942 20
178447186 1
286694247 28
295087430 18
337447936 10
386625993 64
392110190 28
408639122 6
425132371 31
467589777 67
514596785 3
532245414 4
541932065 92
546313060 1
564110374 14
616555375 2
760798617 2
827337955 20
834026555 7
843051906 66
844138885 9
851506047 119
857392862 2
862238585 2
876529596 60
879284464 25
896269291 13
905926827 57
915648344 8
947240642 1
979347848 265
1033978130 35
1050580448 48
1063698142 29
1149901132 4
1172088975 142
1209745924 2
1252600562 35
1366199616 318
1402311079 161
1421259412 102
1479389468 1
1529587957 1
1604764210 7
1694598988 1
1695048700 1
1731872057 4
1808496866 56
1819988972 43
1879914653 1
1921805736 4
2283727861 1
2365002466 36
2369398685 1
2466165265 2
2498365162 3
2523897396 51
2543735116 1
2596905191 2
2682001499 8
2916149341 56
3134454017 3
3296432383 3
